10
0.000000 53.555470 14.959898 92.991696 18.577613 7.061994 62.821232 26.833452 21.016582 31.466595
53.555470 0.000000 39.488377 39.578441 35.906115 50.140502 51.954020 35.901792 61.939985 26.285351
14.959898 39.488377 0.000000 78.577760 9.808596 14.759702 59.199491 21.680679 25.056873 16.546362
92.991696 39.578441 78.577760 0.000000 75.480589 89.718313 76.779069 74.308836 99.106796 63.632024
18.577613 35.906115 9.808596 75.480589 0.000000 14.245037 49.399275 11.890467 34.016162 19.359545
7.061994 50.140502 14.759702 89.718313 14.245037 0.000000 55.794862 20.389254 27.796603 30.747039
62.821232 51.954020 59.199491 76.779069 49.399275 55.794862 0.000000 37.636644 82.445005 61.101298
26.833452 35.901792 21.680679 74.308836 11.890467 20.389254 37.636644 0.000000 45.064525 28.052493
21.016582 61.939985 25.056873 99.106796 34.016162 27.796603 82.445005 45.064525 0.000000 35.820562
31.466595 26.285351 16.546362 63.632024 19.359545 30.747039 61.101298 28.052493 35.820562 0.000000
