20
0.000 16.524 115.830 74.856 41.834 106.820 58.513 101.689 59.641 90.437 94.226 117.038 86.765 58.363 68.495 74.134 22.007 98.748 96.909 87.178
16.524 0.000 105.193 67.723 29.673 97.207 46.574 95.979 53.854 74.920 86.048 106.715 84.955 44.139 53.377 61.159 6.700 83.754 80.971 72.254
115.830 105.193 0.000 45.255 75.523 11.903 58.727 37.862 60.297 56.421 27.277 3.053 61.735 64.521 61.904 46.400 98.649 47.598 62.689 50.296
74.856 67.723 45.255 0.000 40.565 34.220 28.906 28.749 15.689 58.842 19.770 45.504 30.012 40.396 46.734 31.562 61.966 58.024 68.307 50.879
41.834 29.673 75.523 40.565 0.000 67.749 16.959 69.314 29.738 51.543 57.435 77.071 63.679 17.940 29.450 32.300 23.139 58.357 59.474 46.871
106.820 97.207 11.903 34.220 67.749 0.000 51.478 27.007 49.648 57.404 15.472 11.432 49.992 58.959 58.439 41.593 90.820 50.315 64.946 50.273
58.513 46.574 58.727 28.906 16.959 51.478 0.000 56.676 24.626 40.392 42.642 60.378 56.777 11.854 21.182 16.189 39.972 44.900 49.427 34.079
101.689 95.979 37.862 28.749 69.314 27.007 56.676 0.000 42.316 77.486 17.818 36.131 25.849 67.420 71.395 54.266 90.438 72.859 86.215 69.570
59.641 53.854 60.297 15.689 29.738 49.648 24.626 42.316 0.000 62.664 35.459 60.779 34.012 36.169 45.640 35.015 48.612 64.554 72.091 55.318
90.437 74.920 56.421 58.842 51.543 57.404 40.392 77.486 62.664 0.000 59.680 59.339 88.688 33.616 22.234 27.891 68.625 11.166 9.513 8.061
94.226 86.048 27.277 19.770 57.435 15.472 42.642 17.818 35.459 59.680 0.000 26.879 35.882 52.255 54.768 37.398 79.959 55.168 68.399 51.784
117.038 106.715 3.053 45.504 77.071 11.432 60.378 36.131 60.779 59.339 26.879 0.000 60.524 66.569 64.321 48.534 100.210 50.607 65.692 53.117
86.765 84.955 61.735 30.012 63.679 49.992 56.777 25.849 34.012 88.688 35.882 60.524 0.000 68.629 76.270 61.574 80.619 87.026 98.103 80.673
58.363 44.139 64.521 40.396 17.940 58.959 11.854 67.420 36.169 33.616 52.255 66.569 68.629 0.000 11.714 18.212 37.477 40.639 41.735 29.086
68.495 53.377 61.904 46.734 29.450 58.439 21.182 71.395 45.640 22.234 54.768 64.321 76.270 11.714 0.000 17.406 46.908 30.377 30.051 18.905
74.134 61.159 46.400 31.562 32.300 41.593 16.189 54.266 35.015 27.891 37.398 48.534 61.574 18.212 17.406 0.000 54.462 29.882 37.397 20.326
22.007 6.700 98.649 61.966 23.139 90.820 39.972 90.438 48.612 68.625 79.959 100.210 80.619 37.477 46.908 54.462 0.000 77.275 74.927 65.748
98.748 83.754 47.598 58.024 58.357 50.315 44.900 72.859 64.554 11.166 55.168 50.607 87.026 40.639 30.377 29.882 77.275 0.000 15.105 11.577
96.909 80.971 62.689 68.307 59.474 64.946 49.427 86.215 72.091 9.513 68.399 65.692 98.103 41.735 30.051 37.397 74.927 15.105 0.000 17.434
87.178 72.254 50.296 50.879 46.871 50.273 34.079 69.570 55.318 8.061 51.784 53.117 80.673 29.086 18.905 20.326 65.748 11.577 17.434 0.000
